<!doctype html>
      <html lang="en">
         <head>
         <title>Sun or Moon Rise/Set Table for One Year</title>
         <meta charset="utf-8">
         <meta name="viewport" content="width=device-width, initial-scale=1">
         <meta http-equiv="X-UA-Compatible" content="IE=edge" />

         <style id="antiClickjack">body{display:none !important;}</style>

         <script type="text/javascript">
            if (self === top)
            {
                var antiClickjack = document.getElementById("antiClickjack");
                antiClickjack.parentNode.removeChild(antiClickjack);
            }
            else
            {
                top.location = self.location;
            }
         </script>
      </head>

      <body>
<pre>
             o  ,    o  ,                                 ANN ARBOR, MICHIGAN                          Astronomical Applications Dept.
Location: W083 44, N42 17                          Rise and Set for the Sun for 2019                   U. S. Naval Observatory        
                                                                                                       Washington, DC  20392-5420     
                                                         Eastern Standard Time                                                        
                                                                                                                                      
                                                                                                                                      
       Jan.       Feb.       Mar.       Apr.       May        June       July       Aug.       Sept.      Oct.       Nov.       Dec.  
Day Rise  Set  Rise  Set  Rise  Set  Rise  Set  Rise  Set  Rise  Set  Rise  Set  Rise  Set  Rise  Set  Rise  Set  Rise  Set  Rise  Set
     h m  h m   h m  h m   h m  h m   h m  h m   h m  h m   h m  h m   h m  h m   h m  h m   h m  h m   h m  h m   h m  h m   h m  h m
01  0804 1713  0749 1749  0711 1825  0618 1901  0531 1934  0501 2005  0502 2015  0528 1954  0600 1909  0632 1817  0708 1729  0744 1704
02  0804 1714  0748 1750  0709 1826  0616 1902  0529 1935  0501 2006  0503 2015  0529 1953  0601 1907  0633 1815  0709 1727  0745 1703
03  0804 1715  0746 1752  0707 1827  0614 1903  0528 1936  0500 2006  0503 2015  0530 1952  0602 1906  0634 1813  0710 1726  0746 1703
04  0804 1716  0745 1753  0706 1828  0613 1904  0527 1938  0500 2007  0504 2015  0531 1951  0603 1904  0635 1812  0712 1725  0747 1703
05  0804 1717  0744 1754  0704 1829  0611 1905  0525 1939  0500 2008  0504 2014  0532 1950  0604 1902  0636 1810  0713 1724  0748 1703
06  0804 1718  0743 1756  0702 1831  0609 1906  0524 1940  0459 2008  0505 2014  0533 1948  0605 1901  0637 1808  0714 1723  0749 1703
07  0804 1719  0742 1757  0701 1832  0608 1907  0523 1941  0459 2009  0506 2014  0534 1947  0606 1859  0638 1807  0715 1721  0750 1703
08  0804 1720  0741 1758  0659 1833  0606 1908  0522 1942  0459 2010  0506 2013  0535 1946  0607 1857  0640 1805  0717 1720  0751 1702
09  0803 1721  0739 1759  0657 1834  0604 1910  0521 1943  0458 2010  0507 2013  0536 1945  0608 1855  0641 1803  0718 1719  0752 1702
10  0803 1722  0738 1801  0656 1835  0603 1911  0519 1944  0458 2011  0508 2013  0537 1943  0609 1854  0642 1802  0719 1718  0753 1703
11  0803 1723  0737 1802  0654 1837  0601 1912  0518 1945  0458 2011  0509 2012  0538 1942  0610 1852  0643 1800  0720 1717  0754 1703
12  0803 1724  0736 1803  0652 1838  0559 1913  0517 1946  0458 2012  0509 2012  0539 1940  0612 1850  0644 1758  0722 1716  0754 1703
13  0802 1725  0734 1805  0651 1839  0558 1914  0516 1947  0458 2012  0510 2011  0540 1939  0613 1848  0645 1757  0723 1715  0755 1703
14  0802 1727  0733 1806  0649 1840  0556 1915  0515 1948  0458 2013  0511 2010  0541 1938  0614 1847  0646 1755  0724 1714  0756 1703
15  0801 1728  0732 1807  0647 1841  0555 1916  0514 1949  0458 2013  0512 2010  0542 1936  0615 1845  0647 1753  0725 1713  0757 1703
16  0801 1729  0730 1808  0646 1842  0553 1917  0513 1950  0458 2014  0512 2009  0543 1935  0616 1843  0649 1752  0727 1712  0757 1704
17  0800 1730  0729 1810  0644 1844  0551 1919  0512 1951  0458 2014  0513 2008  0544 1933  0617 1841  0650 1750  0728 1712  0758 1704
18  0800 1731  0727 1811  0642 1845  0550 1920  0511 1952  0458 2014  0514 2008  0545 1932  0618 1840  0651 1749  0729 1711  0759 1704
19  0759 1732  0726 1812  0640 1846  0548 1921  0510 1953  0458 2015  0515 2007  0546 1930  0619 1838  0652 1747  0730 1710  0759 1705
20  0759 1734  0724 1814  0639 1847  0547 1922  0509 1954  0458 2015  0516 2006  0547 1929  0620 1836  0653 1746  0731 1709  0800 1705
21  0758 1735  0723 1815  0637 1848  0545 1923  0508 1955  0459 2015  0517 2005  0548 1927  0621 1834  0655 1744  0733 1709  0800 1706
22  0757 1736  0721 1816  0635 1849  0544 1924  0508 1956  0459 2015  0518 2005  0549 1925  0622 1833  0656 1743  0734 1708  0801 1706
23  0757 1737  0720 1817  0633 1850  0542 1925  0507 1957  0459 2015  0519 2004  0551 1924  0623 1831  0657 1741  0735 1707  0801 1707
24  0756 1739  0718 1819  0632 1852  0541 1926  0506 1958  0459 2015  0520 2003  0552 1922  0624 1829  0658 1740  0736 1707  0802 1707
25  0755 1740  0717 1820  0630 1853  0539 1927  0505 1959  0500 2016  0521 2002  0553 1921  0625 1827  0659 1738  0737 1706  0802 1708
26  0754 1741  0715 1821  0628 1854  0538 1929  0505 2000  0500 2016  0522 2001  0554 1919  0626 1826  0701 1737  0738 1706  0803 1708
27  0753 1743  0714 1822  0627 1855  0536 1930  0504 2001  0500 2016  0523 2000  0555 1917  0627 1824  0702 1735  0740 1705  0803 1709
28  0752 1744  0712 1823  0625 1856  0535 1931  0503 2002  0501 2016  0524 1959  0556 1916  0629 1822  0703 1734  0741 1705  0803 1710
29  0752 1745             0623 1857  0533 1932  0503 2002  0501 2016  0525 1958  0557 1914  0630 1820  0704 1733  0742 1704  0803 1711
30  0751 1746             0621 1858  0532 1933  0502 2003  0502 2015  0526 1957  0558 1913  0631 1819  0705 1731  0743 1704  0804 1711
31  0750 1748             0620 1859             0502 2004             0527 1956  0559 1911             0707 1730             0804 1712

                                             Add one hour for daylight time, if and when in use.

</pre>

      <p><a href="javascript:history.go(-1)">Back to form</a></p>
         </body>
      </html>